3
90 450 2250
99
45 192 339
9
61 305 1525
49
98 214 330
4
9 27 81
36
29 94 159
1
14 56 224
11
9 139 269
54
67 141 215
65
96 183 270
4
61 244 976
9
3 6 12
15
47 82 117
6
21 84 336
36
66 159 252
92
69 267 465
2
88 352 1408
82
63 218 373
94
28 138 248
64
47 124 201
30
15 57 99
10
10 10 10
10
37 74 148
10
87 348 1392
2
90 90 90
7
19 57 171
3
89 89 89
9
19 38 76
93
42 206 370
88
77 127 177
8
82 246 738
8
82 246 738
3
4 74 144
3
61 244 976
13
66 175 284
5
60 180 540
24
33 94 155
35
14 171 328
6
89 267 801
51
76 235 394
1
42 126 378
100
17 154 291
43
86 238 390
10
97 194 388
37
11 14 17
10
88 352 1408
4
64 64 64
86
91 96 101
11
8 140 272
16
68 261 454
57
31 200 369
8
100 400 1600
6
93 372 1488
64
33 201 369
6
28 28 28
28
66 177 288
99
32 206 380
9
1 4 16
9
98 196 392
37
65 96 127
77
89 262 435
7
59 118 236
11
54 56 58
3
4 16 64
10
32 160 800
76
85 130 175
9
95 95 95
5
21 42 84
10
21 105 525
10
95 190 380
35
14 143 272
22
43 114 185
62
100 260 420
63
74 252 430
85
56 167 278
4
61 305 1525
45
76 275 474
1
48 96 192
14
65 209 353
3
49 52 55
97
9 162 315
1
29 29 29
10
84 168 336
6
4 4 4
88
76 107 138
25
98 285 472
49
47 237 427
6
36 108 324
8
55 275 1375
46
73 243 413
100
17 86 155
3
73 219 657
70
78 117 156
5
6 18 54
3
18 54 162
8
14 28 56
8
11 11 11
3
66 330 1650
13
20 26 32
7
4 20 100
0
